6001,לבונה,3652
6002,פריחת השקד,3652
6003,הזית,3652
6004,רקפת,3652
6005,דבורנית,3652
6006,לוטם,3652
6007,קטלב,3652
6008,צורית,3652
6009,שיטים,3652
6010,ניסנית,3652
6011,אירוס,3652
6012,אשחר,3652
6013,חיננית,3652
6014,כליל החורש,3652
6015,הברושים,3652
6016,האלון,3652
6017,הגפן,3652
6018,התאנה,3652
6019,חוטמית,3652
6020,קיסוסית,3652
6021,עירית,3652
6022,צלף,3652
6023,פעמונית,3652
6024,האלה,3652
6025,אחירותם,3652
6026,מרווה,3652
6027,ערבה,3652
6028,קורנית,3652
6029,חצב,3652
6030,כרכום,3652
6031,דולב,3652
6032,נירית,3652
6033,חרצית,3652
6034,כוכבית,3652
6035,העופר,3652
6036,הגדי,3652
6037,שד הניצנים,3652
6038,התמר,3652
6039,השירה העברית,3652
6040,אריאל מאיר,3652
6041,אלתרמן נתן,3652
6042,לביא אריק,3652
6043,שמר נעמי,3652
6044,חזה עופרה,3652
6045,שטרן יאיר,3652
6046,רחל המשוררת,3652
6047,פן אלכסנדר,3652
6048,הרב שבזי,3652
6049,הלוי יהודה,3652
6050,שריג,3652
6051,תירוש,3652
6052,איבן גבירול,3652
6053,כרמים,3652
6054,טיכו אנה,3652
6055,השיטה,3652
6056,הדקל,3652
6057,הברוש,3652
6058,מעלה הזית,3652
6059,השקד עופרים,3652
6060,הרימון,3652
6061,האשל,3652
6062,גבעת הבריכה,3652
6063,עופרים,3652
6064,בית אריה,3652
6065,קלמניה,1076
6066,בית ברל,1076
6067,כמאל ג'ונבלאט,480
6068,אלתופאחי,480
6069,אלתורכמאן,480
6070,אלחדארי,480
6071,אלטואלי,480
6072,בוקראטי,480
6073,אלעקבאת,480
6074,לואיזה,480
6075,נבעת אלחור,480
6076,אלמהא,480
6077,אלשוחמאני,480
6078,אלנעסה,480
6079,אלסנונו,480
6080,אלמיס,480
6081,אלסמרמר,480
6082,אלערישה,480
6083,אלנורס,480
6084,פירי,480
6085,אלעמשקה,480
6086,אלדוירי,480
6087,אללקלק,480
6088,אלמדרסה,480
6089,אלמלעב,480
6090,אלע'ורדא,480
6091,אלכרק,480
6092,אלדראג',480
6093,אלחופחאף,480
6094,מאלק אלחזין,480
6095,אלרביסה,480
6096,פם אלסמקה,480
6097,אלשיח,480
6098,אללוטוס,480
6099,אלתות,480
6100,אלהנבל,480
6101,אלריאן,480
6102,אלראיה,480
6103,אלכרמה,480
6104,אלקורטאס,480
6105,אלשומר,480
6106,אלזאבוד,480
6107,אלנסר,480
6108,אלהודהוד,480
6109,אלזריקי,480
6110,אלימאם,480
6111,אלשחרור,480
6112,אלקירקיס,480
6113,אלביאדה,480
6114,דפלה,480
6115,אלעוליק,480
6116,אלפיג'ין,480
6117,ראס אלעקבה,480
6118,בית ג'ן עין אלאסד,480
6119,אלשברק,480
6120,אלנענע,480
6121,אלכמון,480
6122,אללימון,480
6123,אלינסון,480
6124,אלסנובר,480
6125,אלמל,480
6126,אלסריס,480
6127,אלסלוא,480
6128,אלמרואני,480
6129,אלקרקשאני,480
6130,ח'לת אלענק,480
6131,רקאטי,480
6132,בהאא אלדין,480
6133,אלביאדי,480
6134,אלשיתוי,480
6135,אלזאתוני,480
6136,מדאואר,480
6137,אלכינא,480
6138,סופרג'ל,480
6139,אלסולם,480
6140,מיאל אלשמס,480
6141,אלבוטום,480
6142,אלמרשקה,480
6143,אלמחלב,480
6144,אלנח'יל,480
6145,כומטרה,480
6146,אלמוסתראח,480
6147,זנג'ביל,480
6148,עג'לאן,480
6149,רשאד,480
6150,דבוקי,480
6151,שאהין אלע'זאל,480
6152,אלמנטרה,480
6153,אלמטל,480
6154,אלמנארה,480
6155,אלחמאם,480
6156,ח'לת למסאק,480
6157,ח'לת אלזע'לול,480
6158,כף אלדב,480
6159,אלבירקי,480
6160,שכיב ארסלאן,480
6161,אלסופסאף,480
6162,נואף ע'זאלי,480
6163,חמזה דרויש,480
6164,קחואן,480
6165,חבק,480
6166,אלעוטרה,480
6167,אלסבר,480
6168,אסאבע אלערוס,480
6169,מוחמד אבו שקרא,480
6170,ג'עסאס,480
6171,ענבר,480
6172,ענאב,480
6173,חלואני,480
6174,אלעלם,480
6175,אלרע'בה,480
6176,דורדאר,480
6177,אלשמיה,480
6178,כולוניא,480
6179,אלבירק,480
6180,אלעוסג',480
6181,ליילאק,480
6182,אלסנאפרה,480
6183,ג'זאר,480
6184,זיזאפון,480
6185,אלבאבור,480
6186,באבונג',480
6187,אלע'אר,480
6188,אלדוראק,480
6189,ח'וך,480
6190,ג'וז אלהנד,480
6191,אלמשמש,480
6192,נג'אס,480
6193,אלתמר,480
6194,אלסרוה,480
6195,סימסים,480
6196,אלשאחוט,480
6197,תנתול,480
6198,קורס ענה,480
6199,הליון,480
6200,עכוב,480
6201,כובת אלעג'וז,480
6202,כילך,480
6203,אלג'רמק,480
6204,אלבית אלעתיק,480
6205,כרם עיד,480
6206,כרום אלחסנה,480
6207,אלתין,480
6208,כסטנה,480
6209,סידרה,480
6210,קנדול,480
6211,אלענב,480
6212,בונדוק,480
6213,נכתרין,480
6214,קראסייה,480
6215,לובלאב,480
6216,אלריחאן,480
6217,אלמוברה,480
6218,כרם סואר,480
6219,סרטבאני,480
6220,אלזוהור,480
6221,דרב אלתבאן,480
6222,אלזית,480
6223,ביאדר אלסמאט,480
6224,ג'ומז,480
6225,אלמנבר,480
6226,אלדואר,480
6227,ברזא,480
6228,אלרים,480
6229,סינדיאן,480
6230,אלאס,480
6231,אלערער,480
6232,אלמקלע,480
6233,ברכת חאמד,480
6234,אלאמל,480
6235,אלחבק,480
6236,שי פארסי,480
6237,ג'וזת אלטיב,480
6238,אלבלוט,480
6239,אלוארד אלג'ורי,480
6240,אלסאוסן,480
6241,אללומאם,480
6242,אלעוינה,480
6243,אלעבהר,480
6244,אלזאן,480
6245,אלשג'רה,480
6246,אלכאפור,480
6247,אלקאתל,480
6248,אלזעתר,480
6249,מרדקוש,480
6250,אלכרז,480
6251,אלרומאן,480
6252,אלזיתון,480
6253,אלמעסרה,480
6254,אלעקאב,480
6255,אלבאשיק,480
6256,אלרפראף,480
6257,אלע'טאס,480
6258,סחלב,480
6259,ח'וזאמה,480
6260,אלח'רוב,480
6261,אלקסב,480
6262,אלבט,480
6263,אלסומן,480
6264,זרזור,480
6265,אלחג'ל,480
6266,שרקרק,480
6267,כורכור,480
6268,נפלה,480
6269,אלמידאן,480
6270,אלעזמיה,480
6271,אלכנאר,480
6272,אמין טריף,480
6273,אלמספה,480
6274,אלמע'ארה,480
6275,אלקעדה,480
6276,סוק אלד'איע,480
6277,אלחלוה,480
6278,אלנוקרה,480
6279,אלסנאבל,480
6280,אלג'וז,480
6281,סנטארוזה,480
6282,ביאדר אלע'ירז,480
6283,אלועל,480
6284,אלאמיר אלסייד,480
6285,כוראת',480
6286,אלבלאן,480
6287,עסא אלראעי,480
6288,אלטיון,480
6289,אלקותון,480
6290,אלנימר,480
6291,אלעסל,480
6292,אלדרג'ה,480
6293,אלתנור,480
6294,אלאנביא,480
6295,אלקורונפול,480
6296,אלוורוד,480
6297,אנאנאס,480
6298,הזאר,480
6299,אלהיל,480
6300,עדס,480
6301,אלמיסק,480
6302,אלזנבק,480
6303,סנג'אב,480
6304,ח'ולנג'אן,480
6305,חבת אלברכה,480
6306,קרפה,480
6307,אלפרס,480
6308,נבעת סידו,480
6309,ביאדר אלרביעה,480
6310,אלחסון,480
6311,מוע'ר אלעיד,480
6312,אלאסד,480
6313,דולפין,480
6314,זראפה,480
6315,סולטאן אלאטרש,480
6316,אלסדיר,480
6317,כרכדאן,480
6318,אלנעאמה,480
6319,אלחמל,480
6320,מוסתכא,480
6321,אלסוויד,480
6322,אלזערור,480
6323,אלקנדול,480
6324,אלפהד,480
6325,אלנרגיס,480
6326,אלאחלאם,480
6327,אלסומאק,480
6328,אלקמח,480
6329,אלד'הר,480
6330,אלח'תאף,480
6331,שניר,480
6332,בוזריק,480
6333,אלבורטוקאל,480
6334,ח'לת עיאד,480
6335,אלח'יט,480
6336,אלדורה,480
6337,פלפל,480
6338,כוסא,480
6339,מלפוף,480
6340,אלח'ס,480
6341,כוסברה,480
6342,אלע'זאל,480
6343,אלאוח'וה,480
6344,אלסבע,480
6345,אלסעבניה,480
6346,מרג' אלע'וזלאן,480
6347,אלחינדאג',480
6348,אלקדח,480
6349,תל אלפוח'אר,480
6350,תלאל אלריח,480
6351,אללוז,480
6352,אלקבריש,480
6353,אלכיווי,480
6354,עין אלנום,480
6355,שכ אלע'דיר וסרטבה,480
6356,הגלעין הישן,480
6357,אלמסירב,480
6358,משפחת קבלאן,480
6359,אלסוואנה,480
6360,אלספאיה ועין לג'רון,480
6361,שכ חיילים משוחררים,480
6362,אלדידבה,480
6363,אלפוקרה,480
6364,ראס טלעה וחלת עמירה,480
6365,ח'לת אלג'ב,480
6366,אלקובע,480
6367,אלנסיבה,480
6368,חיידר,480
6369,אלרויס,480
6370,בית ג'ן,480
6371,בית גוברין,619
6372,הגפן,571
6373,ההדר,571
6374,הזית,571
6375,הרימון,571
6376,התאנה,571
6377,התמר,571
6378,בית גמליאל,571
6379,"צה""ל",466
6380,כצנלסון,466
6381,שבזי,466
6382,הרצל,466
6383,"קק""ל",466
6384,ז'בוטינסקי,466
6385,העצמאות,466
6386,קפלן,466
6387,טרומפלדור,466
6388,רמז,466
6389,"רמב""ן",466
6390,רח י,466
6391,קבוץ גלויות,466
6392,רח ט,466
6393,"דרך המ""ג",466
6394,האשכולית,466
6395,האתרוג,466
6396,התפוז,466
6397,הגפן,466
6398,התמר,466
6399,החיטה,466
6400,השעורה,466
6401,הזית,466
6402,התאנה,466
6403,הרימון,466
6404,שבעת המינים,466
6405,היובל,466
6406,הנגב,466
6407,בגין מנחם,466
6408,הבנים,466
6409,חבצלת,466
6410,כלנית,466
6411,סביון,466
6412,לילך,466
6413,יסמין,466
6414,רקפת,466
6415,נרקיס,466
6416,איריס,466
6417,ורד,466
6418,ארבעת המינים,466
6419,הלולב,466
6420,הדס,466
6421,הגולן,466
6422,השרון,466
6423,הערבה,466
6424,השפלה,466
6425,הכרמל,466
6426,החרמון,466
6427,הגליל,466
6428,יהודה,466
6429,שומרון,466
6430,אברהם אבינו,466
6431,ש נווה גנים,466
6432,ש נקודת חן,466
6433,נווה הדרים,466
6434,בנה ביתך,466
6435,בית דגן,466
6436,בית הגדי,723
6437,הרחבה,373
6438,בית הלוי,373
6439,בית הלל,322
6440,בית העמק,572
6441,בית הערבה,3645
6442,בית השיטה,242
6443,כפר תקווה,353
6444,בית זיד,353
6445,דרך הזיתים,710
6446,הפסגה,710
6447,נתיב האורנים,710
6448,מעלה השיטה,710
6449,עין כרם,710
6450,בריכות היער,710
6451,הברוש,710
6452,האגם,710
6453,הגפן,710
6454,נתיב האפרסק,710
6455,האלה,710
6456,האלון,710
6457,דרך הצבר,710
6458,מעלה הערבה,710
6459,דרך השקד,710
6460,דרך הגבעה,710
6461,גבעת ברושים,710
6462,בית זית,710
6463,בית ראשון במולדת,143
6464,בית זרע,143
6465,הסובלנות,3575
6466,איחוד העם,3575
6467,"כ""א בכסלו",3575
6468,המייסדים,3575
6469,מעלה בית חורון,3575
6470,דרך יהודה המכבי,3575
6471,דרך הנוף,3575
6472,זאבי רחבעם,3575
6473,מבוא המיצפור,3575
6474,מבוא דור ההמשך,3575
6475,יהושע בן נון,3575
6476,שארה,3575
6477,נחלת אפרים,3575
6478,אבני אלגביש,3575
6479,בית חורון,3575
6480,כוכב הים,877
6481,השונית,877
6482,הדקל,877
6483,האורן,877
6484,הרימון,877
6485,דרך הים,877
6486,האגוז,877
6487,הכיכר,877
6488,המדגרה,877
6489,דרך ההדרים,877
6490,הראשונים,877
6491,התמר,877
6492,מורד ההדרים,877
6493,מעלה הפיקוס,877
6494,סמ האגוז,877
6495,סמ הראשונים,877
6496,בית חירות,877
6497,בית חלקיה,2033
6498,דרך המיסדים,159
6499,דרך הצבר,159
6500,גבעת האילנות,159
6501,גבעת ההתיישבות,159
6502,דרך הברושים,159
6503,דרך המגשימים,159
6504,בית חנן,159
6505,אודם,800
6506,אלמוג,800
6507,בהט,800
6508,בזלת,800
6509,ברקת,800
6510,גרניט,800
6511,דרך אמת המים,800
6512,דרך הים,800
6513,דרך הכרמל,800
6514,חלמיש,800
6515,טופז,800
6516,טורקיז,800
6517,ספיר,800
6518,ענבר,800
6519,בית חנניה,800
6520,דרך המכבים,1050
6521,יונתן הוופסי,1050
6522,שמעון התרסי,1050
6523,יהודה המכבי,1050
6524,אלעזר החורני,1050
6525,דרך הכרמים,1050
6526,דרך היין,1050
6527,עינב,1050
6528,אשכול,1050
6529,שריג,1050
6530,הבציר,1050
6531,הגפן,1050
6532,הכרם,1050
6533,יוחנן הגדי,1050
6534,שכ הכרמים,1050
6535,בית חשמונאי,1050
6536,שהם,288
6537,ספיר,288
6538,אודם,288
6539,ברקת,288
6540,יהלום,288
6541,שני,288
6542,תכלת,288
6543,ארגמן,288
6544,הגפן,288
6545,החרוב,288
6546,התמר,288
6547,הזית,288
6548,הרימון,288
6549,התאנה,288
6550,הרחבה,288
6551,בית יהושע,288
6552,בית יוסף,265
6553,הצוק,200
6554,השיטה,200
6555,נר הלילה,200
6556,הים,200
6557,החבצלת,200
6558,דקר,200
6559,דולפין,200
6560,הרדוף,200
6561,אלמוג,200
6562,קלר,200
6563,מצפה ים,200
6564,בית ינאי,200
6565,דרך חפר,326
6566,סמטת ההדרים,326
6567,התמרים,326
6568,דרך נירה,326
6569,הבוסתן,326
6570,העליה,326
6571,הכלנית,326
6572,הסביון,326
6573,החבצלת,326
6574,החצב,326
6575,המגדל,326
6576,הגנים,326
6577,רחבת הבנים,326
6578,הראשונים,326
6579,הנרקיס,326
6580,הרקפת,326
6581,דרך האילנות,326
6582,דרך השדות,326
6583,דרך השרון,326
6584,הורדים,326
6585,שער הכפר,326
6586,דרך הרימונים,326
6587,התאנה,326
6588,הגפן,326
6589,האורנים,326
6590,סמטת החרובים,326
6591,העירית,326
6592,הלילך,326
6593,השקמה,326
6594,סמטת הצבר,326
6595,סמטת האקליפטוס,326
6596,משעול האילנות,326
6597,סמטת 778,326
6598,הרותם,326
6599,הזית,326
6600,השקד,326
6601,האלה,326
6602,השיטה,326
6603,החרוב,326
6604,האלונים,326
6605,הרימון,326
6606,סמטת התות,326
6607,בית יצחק-שער חפר,326
6608,בית לחם הגלילית,430
6609,רמות שפירא,751
6610,בית מאיר,751
6611,דרך היסמין,784
6612,דרך הורד,784
6613,דרך החצב,784
6614,דרך החרצית,784
6615,דרך הכלנית,784
6616,דרך היקינטון,784
6617,בית נחמיה,784
6618,בית ניר,16
6619,המייסדים,672
6620,הברוש,672
6621,השקד,672
6622,הזית,672
6623,האגוז,672
6624,הערבה,672
6625,האורן,672
6626,האלה,672
6627,האלון,672
6628,סמ התמר,672
6629,בית נקופה,672
6630,בית עובד,202
6631,בית עוזיאל,301
6632,בית עזרא,756
6633,בית עריף,604
6634,בית צבי,212
6635,בית קמה,598
6636,בית ראשון במולדת,365
6637,בית קשת,365
6638,בית רבן,848
6639,בית רימון,1162
6640,שד מנחם בגין,9200
6641,רח ח,9200
6642,חומה ומגדל,9200
6643,שאול המלך,9200
6644,הרצל,9200
6645,רח ט,9200
6646,רח ו,9200
6647,יהודה הלוי,9200
6648,החלמיש,9200
6649,ירושלים הבירה,9200
6650,אביטן יהושע,9200
6651,המירון,9200
6652,העצמון,9200
6653,רח ה,9200
6654,הנעמן,9200
6655,מעון עולים,9200
6656,השחם,9200
6657,המשטרה,9200
6658,רח א,9200
6659,רח ד,9200
6660,הרב לסרי,9200
6661,אבן שושן אברהם,9200
6662,אהבת ישראל,9200
6663,הרב סויסה דוד,9200
6664,אהבת ציון,9200
6665,כנרת,9200
6666,הנגב,9200
6667,נורדאו,9200
6668,ביאליק,9200
6669,בלפור,9200
6670,התומר,9200
6671,בן לולו,9200
6672,הרופאים,9200
6673,טרומפלדור,9200
6674,העמק,9200
6675,גולומב,9200
6676,דבורה הנביאה,9200
6677,הבונים,9200
6678,הצנחנים,9200
6679,מיזוג גלויות,9200
6680,מכלוף יעקב,9200
6681,טולידנו,9200
6682,מרקוס,9200
6683,בויאר אווה,9200
6684,מאיר בעל הנס,9200
6685,עליה,9200
6686,קפלן,9200
6687,שמש יצחק,9200
6688,"הרמב""ם",9200
6689,בורוכוב,9200
6690,הרב קוק,9200
6691,כנסת ישראל,9200
6692,רוגובסקי,9200
6693,רמז,9200
6694,אחד העם,9200
6695,המעפילים,9200
6696,בר כוכבא,9200
6697,ברנר,9200
6698,אביר יעקב,9200
6699,סנש חנה,9200
6700,בן יהודה,9200
6701,הרב יצחק הרצוג,9200
6702,שמשון,9200
6703,אשתורי הפרחי,9200
6704,מוטה גור,9200
6705,נהריים,9200
6706,עדולם,9200
6707,"הרב ש""ך",9200
6708,הגלבוע,9200
6709,תדהר,9200
6710,שדרות הארבעה,9200
6711,זאבי רחבעם,9200
6712,העבודה,9200
6713,הרתך,9200
6714,היצירה,9200
6715,היוזמה,9200
6716,העמל,9200
6717,תוצרת הארץ,9200
6718,החרמש,9200
6719,הגביש,9200
6720,התנופה,9200
6721,הסדנא,9200
6722,החשמל,9200
6723,ללוש אנדרה,9200
6724,טיילת המלך חסן השני,9200
6725,רבינוביץ חנן,9200
6726,החרש,9200
6727,אורן,9200
6728,אשל,9200
6729,ארז,9200
6730,אלה,9200
6731,"שז""ר זלמן",9200
6732,זית,9200
6733,ויצמן חיים,9200
6734,צפצפה,9200
6735,שיטה,9200
6736,תאנה,9200
6737,כליל החורש,9200
6738,רימון,9200
6739,בן גוריון,9200
6740,פיקוס,9200
6741,דולב,9200
6742,אלון,9200
6743,שקד,9200
6744,דרך השלום,9200
6745,היתד,9200
6746,ברוש,9200
6747,רותם,9200
6748,בן צבי,9200
6749,דקל,9200
6750,"אח""י אילת",9200
6751,"אח""י דקר",9200
6752,חטיבת גולני,9200
6753,דיין משה,9200
6754,ציפורן,9200
6755,חצב,9200
6756,סחלב,9200
6757,אמנון ותמר,9200
6758,חבצלת,9200
6759,רקפת,9200
6760,נופר,9200
6761,צבעוני,9200
6762,יסמין,9200
6763,אירוס,9200
6764,נורית,9200
6765,ידין יגאל,9200
6766,שיקמה,9200
6767,איתן רפאל,9200
6768,דוד אלעזר,9200
6769,"אצ""ל",9200
6770,בר-לב חיים,9200
6771,דובדבן,9200
6772,שד יצחק רבין,9200
6773,מקלף מרדכי,9200
6774,"צה""ל",9200
6775,נרקיס עוזי,9200
6776,לוי אשכול,9200
6777,המייסדים,9200
6778,"הפלמ""ח",9200
6779,גולדה מאיר,9200
6780,שרת משה,9200
6781,ששת הימים,9200
6782,"הל""ה",9200
6783,הראל,9200
6784,הרב מרדכי אליהו,9200
6785,השייטת,9200
6786,האסיף,9200
6787,הבציר,9200
6788,הבוסתן,9200
6789,הגפן,9200
6790,הגת,9200
6791,החורש,9200
6792,ההדר,9200
6793,הדגן,9200
6794,התירוש,9200
6795,חטיבת גבעתי,9200
6796,השפלה,9200
6797,הבקעה,9200
6798,השרון,9200
6799,הכרמל,9200
6800,השומרון,9200
6801,הגולן,9200
6802,"חטיבת הנח""ל",9200
6803,שטרן יאיר,9200
6804,שלום הגליל,9200
6805,תמיר מרדכי,9200
6806,החופית,9200
6807,הקציר,9200
6808,הירקון,9200
6809,חטיבת קרייתי,9200
6810,חרוב,9200
6811,חסן השני (טיילת),9200
6812,יונתן,9200
6813,יפתח,9200
6814,לוי משה,9200
6815,"לח""י",9200
6816,ליטני,9200
6817,לסקוב חיים,9200
6818,מעפילי אגוז,9200
6819,מצדה,9200
6820,נחשון,9200
6821,צור צבי,9200
6822,קדש,9200
6823,רמון אילן,9200
6824,שומרון דן,9200
6825,"שלד""ג",9200
6826,שמר נעמי,9200
6827,שכ נוף גנים,9200
6828,ש בנה ביתך,9200
6829,ש קדמת עדן,9200
6830,שכ נווה הדקל,9200
6831,ש עממי,9200
6832,ש צריפים אדומים,9200
6833,שכ אליהו,9200
6834,שכ יפה נוף,9200
6835,שכ נוף קדומים,9200
6836,שכ נוף שאן,9200
6837,שכ נווה הנחל,9200
6838,ש ז'בוטינסקי,9200
6839,שכ צמרת,9200
6840,נוף הגלבוע,9200
6841,נוף הירדן,9200
6842,העיר העתיקה,9200
6843,שכ נוף גלעד,9200
6844,אזור תעשיה צפוני,9200
6845,אזור תעשיה מזרחי,9200
6846,קרית רבין,9200
6847,שכ מרכז,9200
6848,בית שאן,9200
6849,הרצל,2610
6850,"שביל הל""ה",2610
6851,ז'בוטינסקי,2610
6852,החלוצים,2610
6853,העליה,2610
6854,האומן,2610
6855,תחנת הרכבת,2610
6856,משטרת הרטוב,2610
6857,ביחר שמשון,2610
6858,ארלוזורוב,2610
6859,דם המכבים,2610
6860,המשלט,2610
6861,הנשיא,2610
6862,עמק הזיתים,2610
6863,הגפן,2610
6864,דליה,2610
6865,סמדר,2610
6866,מנוח,2610
6867,שועלי שמשון,2610
6868,"רמת לח""י",2610
6869,המעפילים,2610
6870,גור אריה,2610
6871,ביאליק,2610
6872,בני דן,2610
6873,האלה,2610
6874,המכתש,2610
6875,אליכין,2610
6876,בוסקילה יוסף,2610
6877,אלעזרי,2610
6878,בית ג'מאל,2610
6879,השקד,2610
6880,מעלה דוד,2610
6881,מעלה הסיירים,2610
6882,מעלה הצופים,2610
6883,מעלה יאיר,2610
6884,המורה יעקב,2610
6885,סיני,2610
6886,"האצ""ל",2610
6887,מצדה,2610
6888,"רמב""ם",2610
6889,הבנאי,2610
6890,המסגר,2610
6891,"סמ ויצ""ו",2610
6892,השבעה,2610
6893,בן צבי,2610
6894,קרן היסוד,2610
6895,אלון יגאל,2610
6896,בית זולוטוב,2610
6897,אולפן המשטרה,2610
6898,מרכז קליטה,2610
6899,החרש,2610
6900,מורדי הגטאות,2610
6901,סמ הגפן,2610
6902,הותיקים,2610
6903,שביל התמרים,2610
6904,מורי יעקב,2610
6905,בן גרא,2610
6906,רביצקי,2610
6907,תפארת משה,2610
6908,אלנקוה רפאל,2610
6909,שד הדקל,2610
6910,הסיגלית,2610
6911,הרקפת,2610
6912,הנורית,2610
6913,האיריס,2610
6914,הכלנית,2610
6915,הסביון,2610
6916,הנרקיס,2610
6917,שביל האשל,2610
6918,שקמה,2610
6919,הארזים,2610
6920,תדהר,2610
6921,הדובדבן,2610
6922,פרס ראובן,2610
6923,נופי הדר,2610
6924,אבא נעמת,2610
6925,יהודה המכבי,2610
6926,סמ האלון,2610
6927,רימון,2610
6928,יונתן בן עוזיאל,2610
6929,כביש 38,2610
6930,"חיד""א",2610
6931,בן ציון אבא שאול,2610
6932,החפץ חיים,2610
6933,בן איש חי,2610
6934,השושן,2610
6935,החצב,2610
6936,החרצית,2610
6937,החבצלת,2610
6938,הציפורן,2610
6939,היסמין,2610
6940,נתיב מאיר,2610
6941,קארו יוסף,2610
6942,רבי צדקה יהודה,2610
6943,סמ בן אליעזר,2610
6944,שד בן גוריון,2610
6945,שד נהר הדן,2610
6946,בן אליעזר,2610
6947,בר אילן,2610
6948,יצחק שדה,2610
6949,"רש""י",2610
6950,סיתוונית,2610
6951,ורד,2610
6952,סחלב,2610
6953,זכרון יעקב,2610
6954,סולם יעקב,2610
6955,אמרי אמת,2610
6956,חזון איש,2610
6957,הרב מבריסק,2610
6958,שבטי ישראל,2610
6959,אהבת ישראל,2610
6960,הרב הרצוג,2610
6961,רבנו חיים הלוי,2610
6962,קהילת יעקב,2610
6963,שפת אמת,2610
6964,"המהרי""ל דיסקין",2610
6965,לב שמחה,2610
6966,אור החיים,2610
6967,אחיעזר,2610
6968,אור שמח,2610
6969,מעשי חייא,2610
6970,בית ישראל,2610
6971,שער השמיים,2610
6972,מנחת יצחק,2610
6973,ברכת אברהם,2610
6974,מעפילי אגוז,2610
6975,אשר,2610
6976,גד,2610
6977,שמעון,2610
6978,ראובן,2610
6979,לנר דן,2610
6980,מגן קלמן,2610
6981,אדם יקותיאל,2610
6982,מנדלר אלברט,2610
6983,לוין אריה,2610
6984,גונן שמואל,2610
6985,לסקוב חיים,2610
6986,אשכול לוי,2610
6987,גלעד,2610
6988,הארבל,2610
6989,החרמון,2610
6990,התבור,2610
6991,דרך רבין יצחק,2610
6992,הגליל,2610
6993,סמ עלית הנוער,2610
6994,עלית הנוער,2610
6995,הגולן,2610
6996,בן זאב יהודה,2610
6997,נפתלי,2610
6998,בן גוריון פולה,2610
6999,ידין יגאל,2610
7000,מקלף מרדכי,2610
7001,דורי יעקב,2610
7002,רזיאל דוד,2610
7003,משעול המתמיד,2610
7004,השיטה,2610
7005,התאנה,2610
7006,ההדר,2610
7007,החרובים,2610
7008,הערבה,2610
7009,הברוש,2610
7010,תאשור,2610
7011,האורן,2610
7012,האתרוג,2610
7013,ההדס,2610
7014,התפוח,2610
7015,האגס,2610
7016,האפרסק,2610
7017,הארז,2610
7018,הערמון,2610
7019,הצאלה,2610
7020,השיזף,2610
7021,הדולב,2610
7022,הרטוב,2610
7023,אביטל,2610
7024,אורטל,2610
7025,מיטל,2610
7026,רויטל,2610
7027,הר נבו,2610
7028,דרך החיים,2610
7029,הר בשן,2610
7030,הר המוריה,2610
7031,הר מירון,2610
7032,הר גבנונים,2610
7033,אבן גבירול,2610
7034,יהודה הלוי,2610
7035,נעמי שמר,2610
7036,מנור אהוד,2610
7037,בנאי יוסי,2610
7038,רחל המשוררת,2610
7039,הר הכרמל,2610
7040,היצירה,2610
7041,התעשיה,2610
7042,העמל,2610
7043,המלאכה,2610
7044,ההכשרה,2610
7045,החרוצים,2610
7046,וירג'יניה,2610
7047,הסוללה,2610
7048,הצבע,2610
7049,נחל דולב,2610
7050,נחל יעלה,2610
7051,נחל מאור,2610
7052,נחל מטע,2610
7053,נחל קטלב,2610
7054,נחל רזיאל,2610
7055,נחל שמשון,2610
7056,נחל תמנע,2610
7057,נחל אלכסנדר,2610
7058,נחל אל-על,2610
7059,נהר הירדן,2610
7060,נחל אוריה,2610
7061,נחל איילון,2610
7062,נחל גילה,2610
7063,נחל לוז,2610
7064,נחל לכיש,2610
7065,נחל מיכה,2610
7066,נחל נחשון,2610
7067,נחל נועם,2610
7068,נחל הקישון,2610
7069,נהר הירקון,2610
7070,נחל רמות,2610
7071,נחל שורק,2610
7072,נחל שחם,2610
7073,נחל תמר,2610
7074,אחיה השילוני,2610
7075,חגי הנביא,2610
7076,יונה בן אמיתי,2610
7077,נחום הנביא,2610
7078,נחל שניר,2610
7079,נחל זויתן,2610
7080,נחל זוהר,2610
7081,נחל חבר,2610
7082,נחל עין גדי,2610
7083,נחל ערוגות,2610
7084,שביל הגיחון,2610
7085,נחל רפאים,2610
7086,נחל הבשור,2610
7087,נחל רביבים,2610
7088,נחל אכזיב,2610
7089,נחל משמר,2610
7090,נחל ניצנים,2610
7091,חצרות ערבי הנחל,2610
7092,נחל סנסן,2610
7093,שביל הנחש,2610
7094,נריה הנביא,2610
7095,הצדיק משטפנשט,2610
7096,בן עזאי,2610
7097,רבי יוסי בן קיסמא,2610
7098,עקביא בן מהללאל,2610
7099,דובר שלום,2610
7100,רבי פנחס בן יאיר,2610
7101,אוהל יהושע,2610
7102,רבי ישמעאל,2610
7103,קדושת אהרון,2610
7104,רבי ינאי,2610
7105,תכלת מרדכי,2610
7106,רבי עקיבא,2610
7107,"רשב""ג",2610
7108,רבי יהושע,2610
7109,רבי יהודה הנשיא,2610
7110,רבי לויטס,2610
7111,רבי אלעזר,2610
7112,"רשב""י",2610
7113,רבי מאיר בעל הנס,2610
7114,רבי טרפון,2610
7115,רבי צדוק,2610
7116,"ריב""ל",2610
7117,רבן יוחנן בן זכאי,2610
7118,אליהו הנביא,2610
7119,אלישע הנביא,2610
7120,הושע הנביא,2610
7121,זכריה הנביא,2610
7122,חבקוק הנביא,2610
7123,יואל הנביא,2610
7124,חברון,2610
7125,קריית ארבע,2610
7126,באר שבע,2610
7127,טבריה,2610
7128,יבנה,2610
7129,ירושלים,2610
7130,צפת,2610
7131,שד נחל צאלים,2610
7132,שמואל הנביא,2610
7133,"מצפה הרש""פ",2610
7134,הלל,2610
7135,פעמי משיח,2610
7136,"מעלות הרמ""א",2610
7137,מחזיקי הדת,2610
7138,"האדמו""ר מבעלזא",2610
7139,שלמה המלך,2610
7140,המלך דוד,2610
7141,שאול המלך,2610
7142,אסתר,2610
7143,רות,2610
7144,דניאל,2610
7145,נחמיה,2610
7146,עזרא,2610
7147,מלאכי הנביא,2610
7148,עידו הנביא,2610
7149,משה רבנו,2610
7150,ישעיהו הנביא,2610
7151,מרים הנביאה,2610
7152,יחזקאל הנביא,2610
7153,ירמיהו הנביא,2610
7154,ככר נוימן,2610
7155,אזור התעשיה צפון,2610
7156,גבעת שרת,2610
7157,גני שמש,2610
7158,שכ הגפן,2610
7159,צריפים אדומים,2610
7160,ש ותיקים,2610
7161,ש חצרות,2610
7162,גני יהודית,2610
7163,ש משק עזר,2610
7164,בית שמש הותיקה,2610
7165,"ש רמת לח""י",2610
7166,אזור תעשיה מערבי,2610
7167,ש קוטג',2610
7168,ש 160,2610
7169,ש 144,2610
7170,ש 116,2610
7171,גבעת סביון,2610
7172,קרית אריה,2610
7173,נוה ספיר,2610
7174,קרית הרב ניסים,2610
7175,קרית בן אליעזר,2610
7176,פסגות השבע,2610
7177,נופי אביב,2610
7178,שכ מחסיה,2610
7179,רמת בית שמש,2610
7180,גבעת ויצמן,2610
7181,גבעת בן צבי,2610
7182,"גבעת שז""ר",2610
7183,שכ השחר,2610
7184,"קרית הרמ""א",2610
7185,רמת בית שמש ב,2610
7186,קרית החינוך,2610
7187,שכ רמת התנאים,2610
7188,בית שמש,2610
7189,העמק,248
7190,שביל החלב,248
7191,הפרסה,248
7192,העץ הגדול,248
7193,בית שערים,248
7194,בית שקמה,747
7195,בת חן,252
7196,בית יערי,252
7197,דרך האילנות,252
7198,דרך הבאר,252
7199,שדרת הפיקוסים,252
7200,דרך המשתלה,252
7201,ההדרים,252
7202,האשל,252
7203,הצבר,252
7204,התפוז,252
7205,סמ הבנים,252
7206,ככר המייסדים,252
7207,ביתן אהרן,252
7208,"הגר""א",3780
7209,רבי עקיבא,3780
7210,הבעל שם טוב,3780
7211,"חת""ם סופר",3780
7212,אלעזר המודעי,3780
7213,אור החיים,3780
7214,בעל התניא,3780
7215,קארו יוסף,3780
7216,"החיד""א",3780
7217,בן איש חי,3780
7218,דברי חיים,3780
7219,רבי שבזי שלום,3780
7220,מעלות הרי יהודה,3780
7221,"האדמו""ר מסלונים",3780
7222,"האדמו""ר מרוז'ין",3780
7223,התעוררות תשובה,3780
7224,אבן עזרא,3780
7225,"הרמב""ן",3780
7226,דון יצחק אברבנאל,3780
7227,חזון איש,3780
7228,הרב צדקא יהודה,3780
7229,הרב אריאלי יצחק,3780
7230,יוחנן בן זכאי,3780
7231,מעלות ירושלים,3780
7232,הדר ביתר,3780
7233,הטוב והמטיב,3780
7234,יורה דעה,3780
7235,חושן משפט,3780
7236,"שד דרך האר""י",3780
7237,מעלות חקר ועיון,3780
7238,מעלות כתר תורה,3780
7239,מעלות שושנה,3780
7240,מעלות הרב צדוק,3780
7241,מעלות דמשק אליעזר,3780
7242,"האדמו""ר מלעלוב",3780
7243,הבבא סאלי,3780
7244,הדף היומי,3780
7245,אם הבנים,3780
7246,מבוא מרגלית,3780
7247,רבי נחמן מברסלב,3780
7248,"מפעל הש""ס",3780
7249,הרבי מזוועהיל,3780
7250,אש קודש,3780
7251,הרב קנייבסקי,3780
7252,הרבי מנדבורנה,3780
7253,הרבי מליובאוויטש,3780
7254,הרב אוירבך,3780
7255,הרבי מקרעטשניף,3780
7256,שדה חמד,3780
7257,חפץ חיים,3780
7258,נעם אלימלך,3780
7259,חלקת יואב,3780
7260,איגרות משה,3780
7261,כף החיים,3780
7262,הרב רפול,3780
7263,הרב קעניג,3780
7264,צמח צדק,3780
7265,הרב שבדרון שלום,3780
7266,מעלות רבי הלל,3780
7267,מעלות הרב מטשכנוב,3780
7268,מעלות גאוני בריסק,3780
7269,"האדמו""ר מבוסטון",3780
7270,הרב נאה חיים,3780
7271,הרב בנדר,3780
7272,בנין דוד,3780
7273,הרב ברים,3780
7274,המגיד ממעזריטש,3780
7275,"המהרי""ץ",3780
7276,"חב""ד",3780
7277,חיי יצחק,3780
7278,יסוד העבודה,3780
7279,אוהל שרה,3780
7280,פחד יצחק,3780
7281,פנים מאירים,3780
7282,קדושת לוי,3780
7283,שלום רב,3780
7284,תומכי תמימים,3780
7285,"הר""ן",3780
7286,הרב רייטפארט יצחק,3780
7287,הרב מוצפי יעקב,3780
7288,כנסת מרדכי,3780
7289,הרב אבא שאול,3780
7290,כנסת יחזקאל,3780
7291,"אדמור""י ויז'ניץ",3780
7292,הרב שך,3780
7293,אוהב ישראל,3780
7294,הרב ברוק בן-ציון,3780
7295,דרכי איש,3780
7296,החוזה מלובלין,3780
7297,ישמח ישראל,3780
7298,"דרך הרמ""ז",3780
7299,קדושת ציון,3780
7300,שכ הגפן,3780
7301,שכ האתרוג,3780
7302,שכ הדקל,3780
7303,אזור תעשיה הערבה,3780
7304,שכ הדס,3780
7305,שכ התמר,3780
7306,גבעה A,3780
7307,אזור תעשייה הערבה,3780
7308,ביתר עילית,3780
7309,בית ראשון במולדת,94
7310,הגפן,94
7311,התאנה,94
7312,התמר,94
7313,השעורה,94
7314,הזית,94
7315,הרימון,94
7316,שבעת המינים,94
7317,החיטה,94
7318,בלפוריה,94
7319,האורן,760
7320,התאנה,760
7321,הזית,760
7322,התמר,760
7323,החרוב,760
7324,הצאלון,760
7325,האלה,760
7326,הגפן,760
7327,ההדס,760
7328,האתרוג,760
7329,הרימון,760
7330,הברוש,760
7331,הרותם,760
7332,בן זכאי,760
7333,שביל הסביונים,712
7334,שביל הנרקיסים,712
7335,דרך פרחי הבר,712
7336,שביל הרקפות,712
7337,שביל החרציות,712
7338,בן עמי,712
7339,בן שמן (כפר נוער),1084
7340,דרך הגפן,2013
7341,דרך הזית,2013
7342,דרך הרימון,2013
7343,דרך התמר,2013
7344,החיטה,2013
7345,השעורה,2013
7346,התאנה,2013
7347,בן שמן (מושב),2013
7348,בר כוכבא,6100
7349,מחנה דב,6100
7350,הירש ברוך,6100
7351,הקישון,6100
7352,מצדה,6100
7353,כנרת,6100
7354,בן נון,6100
7355,"ניל""י",6100
7356,"לח""י",6100
7357,בית חורון,6100
7358,שניר,6100
7359,פורצי כלא עכו,6100
7360,"תרפ""ד",6100
7361,ששת הימים,6100
7362,דרך אם המושבות,6100
7363,אברבנאל,6100
7364,עמק יזרעאל,6100
7365,הירקון,6100
7366,חי טייב,6100
7367,החלוצים,6100
7368,הגליל,6100
7369,הנגב,6100
7370,שד אינשטיין,6100
7371,לנדאו חיים,6100
7372,הרב חדד שאול,6100
7373,בנימין אברהם,6100
7374,"הפלמ""ח",6100
7375,אוסישקין,6100
7376,השניים,6100
7377,בורוכוב,6100
7378,טרומפלדור,6100
7379,הוז דב,6100
7380,ביאליק,6100
7381,נורדאו,6100
7382,הרצל,6100
7383,הדסים,6100
7384,ההגנה,6100
7385,מלבן,6100
7386,הרב שך,6100
7387,נידוני בגדד,6100
7388,אביעד,6100
7389,גרינברג,6100
7390,נורוק,6100
7391,הרב ראט משולם,6100
7392,שלוש השעות,6100
7393,הרי גולן,6100
7394,נויפלד,6100
7395,גניחובסקי,6100
7396,קובלסקי,6100
7397,שד הרב לוין אריה,6100
7398,וינרב,6100
7399,צבי,6100
7400,הרב מצליח,6100
7401,רחבת קלמר,6100
7402,הרב אברמסקי,6100
7403,השר אלון יגאל,6100
7404,הרב מנצור בן שמעון,6100
7405,פדרמן דוזיה,6100
7406,מבצע קדש,6100
7407,"ד""ר ברט",6100
7408,מכלוף דוד,6100
7409,אבו חצירא ישראל,6100
7410,גרונר,6100
7411,תורה ומנוחה,6100
7412,רזיאל,6100
7413,המכבים,6100
7414,בגין מנחם,6100
7415,יונתן,6100
7416,בן יוסף שלמה,6100
7417,החשמונאים,6100
7418,זרובבל,6100
7419,רח 288,6100
7420,הרב ברוט,6100
7421,אדמורי אלכסנדר,6100
7422,הרב יוסף חיים,6100
7423,הרב פתאיה,6100
7424,"אצ""ל",6100
7425,דנגור,6100
7426,סרור דנה,6100
7427,סומך,6100
7428,הרב שמש דוד,6100
7429,ליפשיץ,6100
7430,בן גוריון דוד,6100
7431,נתן הנביא,6100
7432,אחיה השילוני,6100
7433,עלי הכהן,6100
7434,טבריה,6100
7435,חברון,6100
7436,עמי,6100
7437,הרב קוק,6100
7438,מנחם,6100
7439,צפת,6100
7440,מירון,6100
7441,"חרל""פ",6100
7442,פוקס אהרון דב,6100
7443,ירושלים,6100
7444,דוד המלך,6100
7445,רבי אליעזר,6100
7446,הרב שמידמן יצחק,6100
7447,"האדמו""ר מרוז'ין",6100
7448,יהושע,6100
7449,סמ רחל,6100
7450,אפשטיין פנחס,6100
7451,הבנים,6100
7452,יגאל,6100
7453,"רמח""ל",6100
7454,שד רבי טרפון,6100
7455,"הגר""א",6100
7456,"שד""ל",6100
7457,הרב רבינוב,6100
7458,רבי יוסי,6100
7459,ירמיהו,6100
7460,יחזקאל,6100
7461,שמואל הנביא,6100
7462,ישעיהו,6100
7463,סמ הבנים,6100
7464,רימון,6100
7465,בן סירא,6100
7466,משפחת מקובר,6100
7467,בתי גולדשטין,6100
7468,התנאים,6100
7469,הרצוג,6100
7470,הרב זיטניצקי,6100
7471,הראשונים,6100
7472,רבי עקיבא,6100
7473,ז'בוטינסקי,6100
7474,פרל חיים,6100
7475,בן פתחיה,6100
7476,מעלות הדף היומי,6100
7477,אבן גבירול,6100
7478,רח 293,6100
7479,"חת""ם סופר",6100
7480,ישראל מסלנט,6100
7481,רבנו אשר,6100
7482,שמעיה,6100
7483,הלוחמים,6100
7484,הרב מימון,6100
7485,אחיעזר,6100
7486,הרב קליש,6100
7487,יהודה הלוי,6100
7488,סוקולוב,6100
7489,הרב קוטלר,6100
7490,הרב בלוי,6100
7491,אבטליון,6100
7492,סמ במברגר,6100
7493,הר הבית,6100
7494,גן העצמאות,6100
7495,אלחריזי,6100
7496,שבטי ישראל,6100
7497,"רמב""ם",6100
7498,הר נבו,6100
7499,אבן שפרוט,6100
7500,אבן עזרא,6100
